10
 0  4  7  4 11 124 145 12  6  7
 4  0  4  3 12  8 15  5  3  2
 7  4  0 13  1  9 15 10  9  3
 4  3 13  0  8  7  3  8 14  4
11 12  1  8  0  3 11  3 15 12
124  8  9  7  3  0 15  3 15  9
145 15 15  3 11 15  0 15  7 12
12  5 10  8  3  3 15  0  2 12
 6  3  9 14 15 15  7  2  0 10
 7  2  3  4 12  9 12 12 10  0